900,54
900,99
900,98
900,97
900,96
4294967279,168
900,95
900,94
900,58
900,52
900,57
900,51
900,56
900,55
900,7
900,93
900,92
900,91
900,90
900,89
900,88
900,87
900,86
900,85
900,84
900,83
900,82
4294967279,139
900,81
902,10
902,0
4294967278,278
4294967279,137
900,80
900,79
900,78
900,77
900,53
900,8
4294967279,292
900,76
900,75
900,38
900,39
900,74
900,50
900,49
900,9
902,9
902,8
900,73
902,5
900,72
900,71
900,70
900,69
900,68
900,67
900,66
900,65
900,0
900,64
902,7
902,6
900,48
900,47
900,46
900,45
900,44
900,43
900,42
900,41
900,40
900,28
900,26
900,37
900,36
900,35
900,34
900,33
900,32
900,31
900,30
900,29
900,27
900,25
900,6
900,5
900,24
4294967278,191
4294967279,389
900,23
900,22
900,21
900,20
900,19
900,18
900,17
900,16
4294967278,377
4294967278,18
4294967279,396
900,15
900,14
900,13
4294967279,148
4294967278,462
900,12
900,11
900,10
4294967278,135
4294967294,452
4294967278,21
915,6
915,5
915,4
915,3
915,2
915,1
4294967278,270
4294967279,245
4294967278,265
4294967279,265
4294967279,283
4294967278,262
4294967279,262
912,5
912,4
912,3
912,2
912,1
4294967294,1083
910,5
910,4
910,3
910,2
910,1
4294967279,258
909,4
909,3
909,2
909,1
4294967279,461
908,5
908,4
908,3
908,2
908,1
4294967279,510
905,6
905,5
905,4
905,3
905,2
905,1
4294967294,1420
904,5
904,4
904,3
904,2
904,1
903,4
903,3
903,2
903,1
4294967279,509
4294967294,1153
902,4
902,3
902,2
902,1
4294967279,226
4294967278,316
4294967294,415
4294967278,456
900,4
900,3
900,2
900,1
899,4
899,3
899,2
899,1
898,6
898,5
898,4
898,3
898,2
898,1
4294967278,220
4294967278,276
4294967278,479
4294967278,266
4294967279,506
4294967279,483
4294967278,285
4294967278,284
4294967279,88
881,15
881,0
881,14
881,13
4294967279,195
881,12
881,11
881,10
4294967278,181
4294967294,399
896,6
896,5
896,4
896,3
896,2
896,1
4294967278,508
893,5
893,4
893,3
893,2
893,1
4294967279,387
4294967278,505
4294967278,471
891,5
891,4
891,2
891,1
4294967279,505
890,4
890,3
890,2
890,1
4294967279,503
889,5
889,4
889,3
889,2
889,1
4294967278,504
886,6
886,5
886,4
886,3
886,2
886,1
885,5
885,4
885,3
885,2
885,1
884,4
884,3
884,2
884,1
4294967279,291
4294967279,398
4294967278,229
883,5
883,4
883,3
883,2
883,1
881,9
4294967294,465
881,8
881,7
4294967279,206
881,6
881,5
881,4
4294967279,202
881,3
881,2
881,1
4294967278,198
880,4
880,3
880,2
880,1
4294967278,197
441,4
4294967278,195
4294967279,196
879,6
4294967278,477
879,5
879,4
879,3
879,2
879,1
4294967278,503
4294967278,502
4294967278,500
4294967279,493
4294967278,277
862,15
862,0
862,14
862,13
4294967278,489
4294967278,359
4294967278,60
4294967278,375
4294967278,59
4294967278,58
4294967278,57
4294967278,56
4294967278,55
4294967278,54
4294967278,53
4294967278,52
4294967278,51
4294967278,50
4294967278,49
4294967278,48
4294967278,47
4294967278,46
4294967278,45
4294967278,44
4294967278,43
4294967278,42
4294967278,41
4294967278,40
4294967278,39
4294967278,38
4294967278,37
4294967278,36
4294967278,35
4294967278,34
4294967278,33
4294967279,82
4294967279,70
4294967279,66
4294967279,58
862,12
862,11
862,10
4294967279,231
4294967278,227
4294967278,480
877,6
4294967278,219
877,5
877,4
877,3
877,2
877,1
4294967278,207
4294967278,196
874,5
874,4
874,3
874,2
874,1
4294967294,184
4294967279,74
4294967278,182
4294967279,183
872,5
872,4
4294967278,179
872,2
872,1
4294967279,281
4294967279,440
871,4
871,3
871,2
871,1
4294967279,172
870,5
870,4
870,3
870,2
870,1
4294967279,159
4294967279,158
4294967279,155
867,6
867,5
867,4
867,3
867,2
867,1
4294967279,147
866,5
866,4
866,3
866,2
866,1
865,4
865,3
865,2
865,1
864,5
864,4
864,3
864,2
864,1
862,9
862,8
862,7
4294967294,463
4294967279,485
862,6
862,5
862,4
862,3
862,2
862,1
861,4
861,3
861,2
861,1
4294967278,329
4294967278,252
860,6
860,5
860,4
860,3
860,2
860,1
4294967278,461
4294967278,491
4294967278,231
4294967278,490
4294967278,449
4294967278,209
4294967278,487
4294967279,479
4294967278,203
4294967278,193
4294967279,180
4294967279,171
4294967279,249
843,12
843,0
843,11
843,10
4294967279,170
4294967279,165
4294967279,164
4294967278,160
858,6
858,5
4294967279,160
858,4
858,3
858,2
858,1
4294967279,149
855,5
855,4
855,3
855,2
855,1
853,5
853,4
853,2
853,1
4294967279,72
4294967279,71
852,4
852,3
852,2
852,1
851,5
851,4
851,3
851,2
851,1
848,6
848,5
848,4
848,3
848,2
848,1
847,5
847,4
847,3
847,2
847,1
846,4
846,3
846,2
846,1
4294967279,478
4294967279,260
4294967279,459
845,5
845,4
845,3
845,2
845,1
843,9
4294967279,477
4294967279,79
843,8
843,7
843,6
4294967279,264
843,5
4294967278,184
843,4
843,3
843,2
843,1
4294967278,183
4294967279,184
842,4
842,3
842,2
842,1
4294967278,177
4294967278,178
4294967279,179
841,6
4294967294,418
4294967294,168
4294967294,456
4294967278,486
841,5
841,4
841,3
841,2
841,1
4294967279,173
4294967278,484
4294967279,474
4294967279,393
4294967278,360
4294967279,444
4294967279,280
4294967279,480
4294967278,483
4294967279,472
4294967279,471
4294967279,469
824,13
824,0
824,12
824,11
824,10
4294967279,464
839,6
839,5
839,4
839,3
839,2
839,1
836,5
836,4
836,3
836,2
836,1
834,5
834,4
834,2
834,1
4294967279,216
833,4
833,3
833,2
833,1
4294967278,474
4294967279,455
832,5
832,4
832,3
832,2
832,1
829,6
829,5
829,4
829,3
829,2
829,1
4294967279,257
828,5
828,4
828,3
828,2
828,1
827,4
827,3
827,2
827,1
4294967294,1421
4294967278,142
4294967278,482
826,5
826,4
826,3
826,2
826,1
4294967278,470
824,9
824,8
824,7
824,6
824,5
824,4
824,3
824,2
824,1
823,4
823,3
823,2
823,1
822,6
822,5
822,4
822,3
822,2
822,1
4294967294,391
4294967279,484
4294967279,274
4294967278,481
4294967278,478
4294967278,244
807,10
807,0
807,9
807,8
807,5
807,7
807,6
805,34
805,0
805,33
805,32
805,31
805,30
805,29
805,28
805,27
805,22
805,20
805,26
805,25
805,24
805,23
805,21
805,19
805,6
805,5
805,18
805,17
805,16
805,15
805,14
4294967278,458
805,13
813,7
813,0
813,6
4294967279,266
4294967279,210
4294967279,177
805,12
805,11
805,10
820,6
820,5
820,4
820,3
820,2
820,1
4294967278,485
4294967278,323
817,5
817,4
817,3
817,2
817,1
4294967279,242
4294967294,159
815,5
815,4
4294967279,223
815,2
815,1
4294967278,476
4294967279,435
814,4
814,3
814,2
814,1
4294967279,208
4294967278,475
813,5
813,4
813,3
813,2
813,1
4294967279,203
4294967278,473
4294967294,458
4294967294,410
4294967279,458
810,6
810,5
810,4
810,3
810,2
810,1
4294967278,251
809,5
809,4
809,3
809,2
809,1
808,4
808,3
808,2
808,1
4294967278,457
4294967294,1074
807,4
807,3
807,2
807,1
4294967278,161
805,9
805,8
805,7
805,4
805,3
805,2
805,1
4294967278,250
804,4
804,3
804,2
804,1
803,6
4294967279,406
803,5
803,4
803,3
803,2
803,1
4294967294,110
4294967294,392
4294967279,424
4294967279,454
4294967279,450
4294967294,161
4294967279,401
4294967278,380
4294967278,506
4294967279,73
4294967279,62
4294967278,463
786,13
786,0
4294967279,397
786,12
786,11
786,10
4294967279,449
4294967278,200
4294967279,200
4294967278,255
4294967279,448
801,6
801,5
801,4
801,3
801,2
801,1
4294967279,78
4294967279,157
4294967279,77
4294967279,75
4294967279,452
4294967279,63
4294967278,61
4294967279,61
4294967279,175
798,5
798,4
798,3
798,2
798,1
4294967279,482
4294967279,162
796,5
796,4
796,2
796,1
4294967279,481
795,4
795,3
795,2
795,1
794,5
794,4
794,3
794,2
794,1
4294967278,133
4294967279,386
4294967279,138
791,6
791,5
4294967279,268
791,4
791,3
791,2
791,1
4294967278,325
790,5
4294967278,263
790,4
790,3
790,2
790,1
4294967278,260
789,4
789,3
789,2
789,1
4294967279,279
4294967278,257
4294967279,136
788,5
788,4
788,3
788,2
788,1
4294967278,137
786,9
786,8
786,7
4294967278,366
786,6
4294967278,365
786,5
786,4
786,3
786,2
786,1
4294967278,460
4294967279,219
785,4
785,3
785,2
785,1
4294967294,386
4294967294,394
784,6
784,5
784,4
784,3
784,2
784,1
4294967279,230
4294967279,134
4294967278,459
4294967279,476
4294967278,240
4294967279,251
4294967294,154
4294967279,247
4294967294,476
4294967278,159
4294967278,158
4294967278,151
767,49
767,48
767,47
767,46
767,9
767,45
4294967278,149
767,44
767,43
767,42
767,41
767,40
767,39
767,38
767,37
767,36
4294967279,68
4294967279,65
4294967279,59
4294967278,132
4294967278,130
4294967278,129
4294967278,127
4294967278,126
4294967278,125
4294967278,124
4294967278,123
4294967278,122
4294967278,121
4294967278,120
4294967278,118
4294967278,117
4294967278,116
4294967278,114
4294967278,113
4294967278,105
4294967278,104
4294967278,102
4294967278,101
4294967278,99
4294967278,98
4294967278,97
4294967278,96
4294967278,95
4294967278,93
4294967279,57
4294967279,56
4294967279,55
4294967279,54
4294967279,53
4294967279,52
4294967279,51
4294967279,49
4294967279,48
4294967279,46
4294967279,45
4294967279,43
4294967279,42
4294967279,41
4294967279,40
4294967279,39
4294967279,38
4294967279,37
4294967279,36
4294967279,33
4294967279,32
4294967279,26
4294967279,24
4294967279,23
4294967279,15
4294967279,9
4294967279,8
4294967279,4
769,10
769,0
769,9
769,8
769,5
769,7
